23201
23297
23417
23549
23623
23719
23813
23893
23993
24077
24137
24247
24391
24499
24623
24749
24851
24967
35537
35671
52639
52733
52861
52963
53077
53161
53269
53381
53507
53617
53717
53831
53923
54037
54163
54311
49823
35731
52691
52769
52889
52981
53093
53189
53299
53411
53551
53633
53759
53861
53951
54083
54193
54331
49853
49957
35759
52711
52813
52919
53017
53117
53231
53327
53441
53593
53657
53783
53891
53993
54121
52697
52783
52901
52999
53101
53197
53309
53419
53569
53639
53773
53881
53959
54091
54217
54347
35677
52667
52747
52879
52967
53087
53171
53279
53401
53527
53623
53719
53849
53927
54049
54167
54319
49831
35531
35603
35797
35879
35983
36073
36191
36299
36433
36527
36607
36709
36791
36899
36979
37087
37201
24971
